63
42
98
41
75
45
18
35
82
83
55
92
95
31
39
44
75
98
85
97
73
31
24
54
99
92
63
93
91
17
31
89
32
86
57
15
68
57
62
37
83
17
71
84
93
11
52
72
26
67
29
12
66
26
83
85
36
39
66
41
46
68
76
34
43
51
25
11
58
13
25
28
79
55
64
22
25
14
55
48
65
59
55
16
58
48
34
94
64
14
72
82
31
84
18
66
26
34
42
99
86
28
73
69
28
33
45
21
13
84
12
14
21
91
73
78
66
69
97
81
38
13
65
15
88
59
65
42
52
26
71
27
87
71
66
71
19
31
67
86
42
51
91
53
12
71
72
49
48
67
79
53
67
88
61
68
13
59
75
37
64
79
97
83
13
93
11
11
78
78
35
98
31
79
41
39
44
95
49
61
37
89
61
62
52
95
85
58
75
88
85
74
11
94
28
68
65
81
99
66
55
15
61
42
31
39
96
75
34
62
54
77
72
42
37
72
79
51
67
66
71
57
23
73
54
26
65
97
36
81
32
83
19
75
92
25
45
44
45
36
84
54
89
41
29
62
64
67
49
15
73
74
74
68
99
43
83
98
43
64
98
65
26
91
66
35
74
35
59
12
59
67
75
12
36
84
44
48
33
43
34
77
78
25
43
26
85
97
65
44
65
55
96
86
63
84
29
83
96
39
69
59
47
11
11
55
96
76
85
55
99
92
54
44
48
32
33
93
79
78
13
49
14
66
77
91
16
28
99
76
21
23
72
74
28
37
52
28
25
75
46
36
97
57
71
89
33
56
48
95
29
93
73
43
11
48
78
39
43
65
89
57
67
34
28
21
88
51
58
11
45
84
75
74
86
66
29
71
87
82
52
71
35
55
47
27
82
36
31
47
86
42
22
27
17
36
51
78
51
33
98
52
25
15
41
77
26
36
83
46
38
77
14
43
36
14
69
73
79
38
23
33
56
26
87
98
53
62
44
84
53
37
61
52
95
48
96
69
87
49
32
44
58
64
51
77
57
44
71
63
11
26
93
14
57
97
98
61
97
54
75
81
55
27
22
52
59
58
92
82
66
27
46
82
18
19
47
39
94
88
37
96
51
98
61
94
55
62
38
59
81
74
42
75
18
24
18
98
17
62
11
49
55
99
33
31
48
68
18
23
88
76
34
42
58
49
38
61
69
15
88
83
41
59
45
55
22
74
11
92
36
36
28
42
54
66
53
18
96
95
94
25
66
58
82
33
86
32
71
78
66
17
66
76
78
74
34
58
56
74
57
77
19
63
21
14
87
69
15
31
64
47
99
93
27
69
27
28
58
74
55
28
32
66
38
66
13
17
22
96
93
15
19
47
44
68
23
31
94
98
19
27
54
84
92
24
44
92
69
41
22
75
87
46
69
35
17
19
47
41
86
18
39
96
38
89
63
26
63
53
65
13
94
91
36
18
49
91
14
56
77
29
35
76
83
39
75
35
39
71
32
88
74
38
22
81
46
86
26
22
51
73
46
88
79
12
74
89
22
69
39
32
31
41
81
43
39
61
52
28
26
96
83
21
15
31
14
22
25
32
52
13
34
44
85
13
45
61
21
18
56
34
99
22
16
89
74
32
78
93
37
25
69
17
54
64
47
36
68
93
77
27
59
81
11
96
98
24
31
73
48
99
11
21
43
17
11
27
51
59
18
61
44
11
96
32
26
77
44
56
11
54
84
94
63
88
18
14
77
18
91
91
96
25
13
96
75
22
29
31
93
95
53
63
42
65
49
74
93
37
18
78
31
49
82
48
34
39
12
22
85
57
92
12
43
75
71
39
68
72
18
16
27
47
68
43
92
54
45
29
24
99
66
89
98
87
26
66
41
37
12
72
94
88
71
66
27
55
85
32
98
92
69
62
56
17
45
23
78
21
75
21
32
28
77
93
67
68
55
54
38
56
92
85
87
43
82
97
94
39
77
68
36
34
96
79
55
65
95
89
69
46
66
57
37
99
72
84
81
57
46
16
77
47
45
21
54
65
31
42
11
43
77
19
83
68
13
19
29
34
85
67
63
81
44
56
57
58
58
72
87
78
45
63
28
23
11
55
28
81
64
83
56
15
56
98
13
98
93
42
53
24
94
48
99
81
99
13
65
17
99
17
73
46
12
88
18
33
12
24
97
14
13
84
87
52
75
44
18
18
49
57
58
71
14
32
78
53
51
58
33
65
13
37
43
87
99
92
75
51
72
22
48
96
11
33
63
84
55
59
23
68
51
71
27
14
85
46
12
23
54845
