426 0
valid:  426
985 0
valid:  1411
40 0
207 0
841 0
valid:  2252
463 0
valid:  2715
633 0
valid:  3348
17 0
valid:  3365
384 0
531 1
valid:  3896
125 1
valid:  4021
312 1
valid:  4333
895 1
valid:  5228
998 1
valid:  6226
945 1
33 1
353 1
valid:  6579
21 2
valid:  6600
727 2
valid:  7327
545 2
valid:  7872
80 2
602 2
272 2
valid:  8144
743 2
valid:  8887
558 3
valid:  9445
577 3
valid:  10022
486 3
valid:  10508
186 3
valid:  10694
925 3
valid:  11619
483 3
valid:  12102
883 3
valid:  12985
1 3
286 3
valid:  13271
625 3
474 3
valid:  13745
491 3
valid:  14236
243 4
valid:  14479
287 4
valid:  14766
245 4
830 4
valid:  15596
793 4
valid:  16389
306 4
valid:  16695
238 5
685 5
807 5
valid:  17502
28 5
valid:  17530
947 5
valid:  18477
705 5
valid:  19182
573 5
valid:  19755
500 5
valid:  20255
781 5
valid:  21036
496 5
valid:  21532
989 6
valid:  22521
923 6
valid:  23444
713 6
valid:  24157
539 6
valid:  24696
917 6
valid:  25613
115 6
valid:  25728
662 6
valid:  26390
413 6
valid:  26803
886 7
valid:  27689
442 7
398 7
valid:  28087
636 7
valid:  28723
976 8
valid:  29699
413 8
valid:  30112
498 8
valid:  30610
266 8
valid:  30876
796 8
87 8
valid:  30963
969 8
valid:  31932
881 8
valid:  32813
815 8
valid:  33628
279 8
valid:  33907
415 8
valid:  34322
728 9
valid:  35050
129 9
670 9
valid:  35720
890 9
valid:  36610
760 9
valid:  37370
832 9
valid:  38202
227 9
valid:  38429
632 9
valid:  39061
212 9
valid:  39273
257 10
valid:  39530
712 10
valid:  40242
491 10
valid:  40733
41 10
valid:  40774
970 10
373 10
valid:  41147
742 10
valid:  41889
330 10
valid:  42219
814 10
415 11
valid:  42634
406 11
valid:  43040
441 11
valid:  43481
35 11
valid:  43516
828 11
valid:  44344
239 11
valid:  44583
533 11
valid:  45116
206 11
valid:  45322
687 12
834 12
valid:  46156
448 12
valid:  46604
658 12
467 12
valid:  47071
244 12
valid:  47315
332 12
valid:  47647
35 12
valid:  47682
453 13
valid:  48135
616 13
valid:  48751
609 13
valid:  49360
662 13
valid:  50022
672 13
valid:  50694
56 13
valid:  50750
661 13
602 13
valid:  51352
549 13
valid:  51901
661 13
141 13
valid:  52042
73 13
valid:  52115
699 14
valid:  52814
904 14
valid:  53718
189 14
valid:  53907
677 14
valid:  54584
473 14
valid:  55057
670 15
valid:  55727
938 15
valid:  56665
267 15
valid:  56932
684 15
valid:  57616
514 15
valid:  58130
211 15
valid:  58341
875 15
valid:  59216
667 15
valid:  59883
171 15
valid:  60054
110 15
valid:  60164
426 15
valid:  60590
29 15
valid:  60619
164 16
valid:  60783
786 16
valid:  61569
646 16
valid:  62215
43 16
885 16
valid:  63100
641 16
996 16
valid:  64096
117 16
valid:  64213
28 16
valid:  64241
921 17
valid:  65162
150 17
valid:  65312
635 17
valid:  65947
973 17
valid:  66920
587 17
valid:  67507
346 17
valid:  67853
771 17
valid:  68624
3 17
962 18
valid:  69586
821 18
valid:  70407
174 18
valid:  70581
391 18
valid:  70972
732 18
valid:  71704
177 18
valid:  71881
101 18
valid:  71982
146 18
valid:  72128
555 18
valid:  72683
117 19
valid:  72800
965 19
valid:  73765
327 19
127 19
valid:  73892
54 19
354 19
valid:  74246
37 19
valid:  74283
56 19
656 19
valid:  74939
335 20
747 20
valid:  75686
967 20
valid:  76653
469 20
valid:  77122
450 20
valid:  77572
560 20
valid:  78132
553 20
valid:  78685
327 20
valid:  79012
215 20
valid:  79227
950 20
valid:  80177
253 21
valid:  80430
796 21
267 21
valid:  80697
946 21
valid:  81643
583 21
valid:  82226
727 21
valid:  82953
37 21
337 21
valid:  83290
649 22
316 22
valid:  83606
680 22
valid:  84286
982 22
valid:  85268
398 22
valid:  85666
961 22
valid:  86627
632 22
valid:  87259
718 22
valid:  87977
599 23
valid:  88576
876 23
valid:  89452
700 23
valid:  90152
617 23
valid:  90769
344 23
valid:  91113
138 23
valid:  91251
611 23
907 23
valid:  92158
291 23
valid:  92449
209 23
valid:  92658
860 24
valid:  93518
850 24
valid:  94368
761 24
valid:  95129
721 24
valid:  95850
804 24
valid:  96654
33 24
valid:  96687
61 25
valid:  96748
378 25
valid:  97126
268 25
valid:  97394
956 25
valid:  98350
813 25
valid:  99163
191 25
valid:  99354
610 25
valid:  99964
168 25
valid:  100132
216 25
valid:  100348
853 25
valid:  101201
826 25
valid:  102027
757 26
valid:  102784
422 26
valid:  103206
427 26
valid:  103633
908 26
valid:  104541
172 27
valid:  104713
464 27
valid:  105177
667 27
931 27
131 27
valid:  105308
939 27
valid:  106247
456 28
valid:  106703
462 28
valid:  107165
985 28
valid:  108150
801 28
933 28
valid:  109083
464 28
641 28
valid:  109724
874 28
valid:  110598
189 28
valid:  110787
42 28
valid:  110829
430 28
valid:  111259
596 28
valid:  111855
945 29
valid:  112800
456 29
valid:  113256
23 29
valid:  113279
335 29
valid:  113614
889 29
valid:  114503
557 29
valid:  115060
810 30
valid:  115870
65 30
382 30
valid:  116252
532 30
valid:  116784
704 30
valid:  117488
796 30
valid:  118284
192 30
46 30
valid:  118330
527 30
929 30
valid:  119259
433 31
valid:  119692
925 31
30 31
617 31
valid:  120309
792 32
valid:  121101
386 32
valid:  121487
575 32
valid:  122062
859 32
valid:  122921
993 32
valid:  123914
334 32
valid:  124248
657 33
296 33
valid:  124544
513 33
valid:  125057
36 33
valid:  125093
267 33
valid:  125360
703 33
186 33
valid:  125546
336 34
443 34
valid:  125989
474 34
valid:  126463
897 34
valid:  127360
215 34
valid:  127575
346 34
valid:  127921
100 34
valid:  128021
812 34
valid:  128833
47 34
444 34
valid:  129277
128 34
valid:  129405
196 34
valid:  129601
705 35
valid:  130306
980 35
valid:  131286
932 35
valid:  132218
122 35
valid:  132340
305 35
valid:  132645
817 35
valid:  133462
424 35
valid:  133886
40 35
valid:  133926
193 35
valid:  134119
210 35
valid:  134329
736 35
valid:  135065
512 35
valid:  135577
326 36
valid:  135903
615 36
valid:  136518
472 36
valid:  136990
350 36
valid:  137340
201 36
valid:  137541
681 36
valid:  138222
902 36
valid:  139124
330 36
valid:  139454
907 37
valid:  140361
303 37
valid:  140664
140 37
valid:  140804
112 37
valid:  140916
93 37
valid:  141009
875 37
valid:  141884
339 37
valid:  142223
361 37
valid:  142584
730 37
valid:  143314
540 38
valid:  143854
498 38
valid:  144352
170 38
valid:  144522
757 38
241 38
valid:  144763
201 38
valid:  144964
359 39
valid:  145323
42 39
valid:  145365
309 39
561 39
valid:  145926
528 39
valid:  146454
444 39
570 39
valid:  147024
125 39
valid:  147149
379 39
valid:  147528
707 39
valid:  148235
285 39
valid:  148520
770 40
valid:  149290
253 40
valid:  149543
515 40
valid:  150058
926 40
45 40
valid:  150103
946 40
valid:  151049
155 41
valid:  151204
573 41
valid:  151777
103 41
valid:  151880
24 41
valid:  151904
179 41
valid:  152083
275 41
valid:  152358
134 41
valid:  152492
963 42
valid:  153455
444 42
valid:  153899
801 42
valid:  154700
656 42
valid:  155356
796 42
valid:  156152
524 42
valid:  156676
84 42
valid:  156760
433 42
valid:  157193
997 42
valid:  158190
122 42
valid:  158312
500 42
valid:  158812
711 42
valid:  159523
447 42
valid:  159970
80 43
valid:  160050
992 43
valid:  161042
894 43
valid:  161936
61 43
183 44
valid:  162119
492 44
valid:  162611
955 44
valid:  163566
222 44
valid:  163788
519 44
valid:  164307
373 44
valid:  164680
304 44
valid:  164984
151 44
valid:  165135
691 44
valid:  165826
655 44
valid:  166481
223 44
valid:  166704
37 44
valid:  166741
221 45
valid:  166962
859 45
valid:  167821
929 45
valid:  168750
398 45
valid:  169148
591 45
valid:  169739
134 45
valid:  169873
960 46
valid:  170833
264 46
valid:  171097
508 46
valid:  171605
118 46
valid:  171723
449 46
valid:  172172
907 46
valid:  173079
791 46
valid:  173870
239 47
valid:  174109
248 47
valid:  174357
531 47
valid:  174888
696 47
valid:  175584
741 47
valid:  176325
50 47
valid:  176375
174 47
valid:  176549
506 48
valid:  177055
809 48
valid:  177864
796 48
valid:  178660
906 48
valid:  179566
17 48
valid:  179583
51 48
valid:  179634
520 49
valid:  180154
198 49
valid:  180352
781 49
valid:  181133
253 49
valid:  181386
957 49
valid:  182343
222 49
valid:  182565
216 49
valid:  182781
513 49
valid:  183294
959 49
valid:  184253
638 49
valid:  184891
312 49
valid:  185203
172 49
valid:  185375
318 49
valid:  185693
514 49
valid:  186207
239 50
valid:  186446
923 50
valid:  187369
852 50
valid:  188221
414 50
valid:  188635
104 50
valid:  188739
936 50
221 51
valid:  188960
116 51
valid:  189076
712 51
valid:  189788
201 51
346 51
valid:  190134
475 51
valid:  190609
745 51
valid:  191354
109 51
valid:  191463
202 51
valid:  191665
957 52
valid:  192622
353 52
valid:  192975
171 52
valid:  193146
468 52
valid:  193614
906 52
valid:  194520
593 52
valid:  195113
592 52
valid:  195705
316 52
valid:  196021
232 53
251 53
valid:  196272
179 53
valid:  196451
904 53
valid:  197355
365 53
valid:  197720
331 53
valid:  198051
541 53
valid:  198592
856 54
valid:  199448
412 54
valid:  199860
844 54
valid:  200704
877 54
valid:  201581
871 54
valid:  202452
416 54
valid:  202868
810 54
valid:  203678
685 54
valid:  204363
776 54
valid:  205139
969 54
valid:  206108
158 55
valid:  206266
319 55
valid:  206585
681 55
valid:  207266
780 55
valid:  208046
428 55
valid:  208474
650 55
valid:  209124
241 55
valid:  209365
123 55
valid:  209488
826 56
valid:  210314
688 56
valid:  211002
983 56
valid:  211985
723 56
valid:  212708
892 56
valid:  213600
270 56
valid:  213870
234 56
valid:  214104
443 56
valid:  214547
970 56
valid:  215517
314 57
valid:  215831
588 57
valid:  216419
225 57
valid:  216644
496 57
valid:  217140
732 57
valid:  217872
344 58
valid:  218216
644 58
valid:  218860
413 58
valid:  219273
997 58
valid:  220270
553 58
valid:  220823
87 58
valid:  220910
282 58
valid:  221192
943 58
valid:  222135
866 58
valid:  223001
563 59
valid:  223564
910 59
valid:  224474
267 59
valid:  224741
546 59
60 59
421 59
valid:  225162
739 59
valid:  225901
251 59
valid:  226152
169 59
valid:  226321
605 59
valid:  226926
938 60
52 60
valid:  226978
761 60
valid:  227739
762 60
valid:  228501
335 60
valid:  228836
842 60
valid:  229678
44 60
valid:  229722
528 60
valid:  230250
77 60
valid:  230327
201 60
valid:  230528
597 61
valid:  231125
896 61
valid:  232021
543 61
valid:  232564
76 61
valid:  232640
938 61
707 61
valid:  233347
8 61
982 61
valid:  234329
894 62
valid:  235223
195 62
310 62
valid:  235533
986 62
valid:  236519
54 62
valid:  236573
854 62
valid:  237427
553 62
valid:  237980
192 62
valid:  238172
127 62
valid:  238299
566 62
valid:  238865
768 62
valid:  239633
850 62
valid:  240483
970 62
valid:  241453
835 63
valid:  242288
874 63
valid:  243162
663 63
valid:  243825
65 63
valid:  243890
947 63
valid:  244837
539 63
valid:  245376
12 63
valid:  245388
947 63
valid:  246335
485 63
valid:  246820
749 63
valid:  247569
34 64
valid:  247603
378 64
922 64
valid:  248525
947 64
valid:  249472
598 64
valid:  250070
880 64
valid:  250950
723 64
valid:  251673
791 64
valid:  252464
18 64
valid:  252482
165 65
valid:  252647
388 65
valid:  253035
94 65
863 65
valid:  253898
132 65
valid:  254030
184 65
valid:  254214
973 65
valid:  255187
58 65
226 65
valid:  255413
618 65
valid:  256031
154 66
valid:  256185
240 66
valid:  256425
34 66
297 66
valid:  256722
429 66
valid:  257151
625 66
valid:  257776
672 66
valid:  258448
619 67
valid:  259067
641 67
valid:  259708
520 67
valid:  260228
340 67
918 67
valid:  261146
390 67
valid:  261536
502 67
valid:  262038
164 67
789 67
valid:  262827
984 67
valid:  263811
933 68
valid:  264744
838 68
valid:  265582
240 68
valid:  265822
400 68
valid:  266222
288 68
valid:  266510
196 68
valid:  266706
109 68
valid:  266815
749 68
valid:  267564
513 68
valid:  268077
751 68
valid:  268828
709 69
881 69
valid:  269709
905 69
valid:  270614
643 69
valid:  271257
114 69
608 69
valid:  271865
190 69
valid:  272055
993 69
valid:  273048
109 70
valid:  273157
368 70
valid:  273525
123 70
valid:  273648
98 70
valid:  273746
501 70
valid:  274247
691 70
valid:  274938
410 70
valid:  275348
126 70
valid:  275474
92 70
valid:  275566
546 70
valid:  276112
219 70
valid:  276331
18 71
valid:  276349
70 71
valid:  276419
296 71
valid:  276715
987 71
valid:  277702
235 71
valid:  277937
8 71
828 71
valid:  278765
151 72
551 72
valid:  279316
153 72
valid:  279469
883 72
valid:  280352
833 72
valid:  281185
497 72
287 72
valid:  281472
427 72
valid:  281899
377 72
valid:  282276
428 72
valid:  282704
910 72
valid:  283614
448 72
valid:  284062
598 72
valid:  284660
334 72
valid:  284994
53 72
valid:  285047
619 72
valid:  285666
589 73
valid:  286255
723 73
valid:  286978
832 73
valid:  287810
131 73
705 73
valid:  288515
794 74
valid:  289309
686 74
valid:  289995
790 74
192 74
valid:  290187
970 74
valid:  291157
612 74
valid:  291769
546 74
valid:  292315
98 74
valid:  292413
942 74
valid:  293355
941 74
valid:  294296
223 75
valid:  294519
686 75
valid:  295205
547 75
665 75
valid:  295870
396 75
valid:  296266
210 75
valid:  296476
408 75
valid:  296884
322 75
valid:  297206
839 75
valid:  298045
557 75
valid:  298602
521 75
valid:  299123
170 76
valid:  299293
166 76
valid:  299459
390 76
valid:  299849
100 76
valid:  299949
921 76
valid:  300870
984 76
valid:  301854
450 76
valid:  302304
639 76
valid:  302943
296 76
valid:  303239
372 77
valid:  303611
760 77
valid:  304371
266 77
valid:  304637
600 77
valid:  305237
999 77
valid:  306236
906 77
valid:  307142
632 77
469 77
valid:  307611
250 77
valid:  307861
422 77
valid:  308283
643 77
valid:  308926
911 78
valid:  309837
494 78
valid:  310331
355 78
valid:  310686
159 78
valid:  310845
848 78
valid:  311693
676 78
valid:  312369
35 78
81 79
valid:  312450
544 79
valid:  312994
67 79
valid:  313061
159 79
valid:  313220
209 79
747 79
valid:  313967
29 79
valid:  313996
812 79
430 79
valid:  314426
232 79
valid:  314658
199 79
valid:  314857
587 79
valid:  315444
760 80
331 80
valid:  315775
158 80
valid:  315933
29 80
valid:  315962
596 80
477 80
valid:  316439
922 81
valid:  317361
388 81
valid:  317749
970 81
510 81
valid:  318259
68 81
valid:  318327
590 81
545 81
621 81
valid:  318948
977 81
valid:  319925
593 81
889 81
valid:  320814
879 81
valid:  321693
389 81
valid:  322082
163 82
618 82
valid:  322700
370 82
valid:  323070
946 82
valid:  324016
332 82
valid:  324348
837 82
valid:  325185
658 82
valid:  325843
835 83
valid:  326678
129 83
valid:  326807
566 83
valid:  327373
690 83
valid:  328063
237 83
valid:  328300
386 83
valid:  328686
36 83
valid:  328722
411 83
valid:  329133
52 83
valid:  329185
733 83
valid:  329918
783 83
valid:  330701
670 84
valid:  331371
978 84
valid:  332349
84 84
valid:  332433
991 84
valid:  333424
632 84
valid:  334056
957 84
valid:  335013
52 84
valid:  335065
548 84
valid:  335613
920 85
949 85
valid:  336562
482 85
valid:  337044
812 85
valid:  337856
413 85
valid:  338269
201 85
valid:  338470
663 85
valid:  339133
286 85
valid:  339419
424 85
valid:  339843
296 85
valid:  340139
630 85
valid:  340769
992 86
valid:  341761
307 86
valid:  342068
634 86
valid:  342702
716 86
287 86
811 86
valid:  343513
4 86
413 86
valid:  343926
896 86
valid:  344822
84 86
valid:  344906
52 86
valid:  344958
253 87
valid:  345211
459 87
valid:  345670
926 87
valid:  346596
446 87
valid:  347042
175 87
168 88
valid:  347210
781 88
valid:  347991
344 88
valid:  348335
85 88
valid:  348420
373 88
valid:  348793
224 88
valid:  349017
393 88
valid:  349410
545 88
valid:  349955
749 88
valid:  350704
643 88
valid:  351347
968 88
776 89
valid:  352123
145 89
valid:  352268
140 89
valid:  352408
578 89
valid:  352986
45 89
596 89
valid:  353582
639 89
valid:  354221
415 90
valid:  354636
393 90
valid:  355029
988 90
valid:  356017
878 90
valid:  356895
22 90
valid:  356917
909 90
284 90
valid:  357201
173 90
valid:  357374
564 90
valid:  357938
48 90
valid:  357986
33 90
valid:  358019
444 90
259 91
207 91
valid:  358226
631 91
valid:  358857
669 91
valid:  359526
282 91
valid:  359808
130 92
119 92
valid:  359927
422 92
valid:  360349
440 92
valid:  360789
461 92
valid:  361250
154 92
valid:  361404
575 92
valid:  361979
329 92
valid:  362308
180 92
valid:  362488
576 92
valid:  363064
367 92
valid:  363431
618 93
valid:  364049
538 93
valid:  364587
493 93
valid:  365080
729 93
valid:  365809
903 93
valid:  366712
82 93
valid:  366794
541 94
valid:  367335
124 94
valid:  367459
627 94
valid:  368086
806 94
valid:  368892
666 94
valid:  369558
703 94
valid:  370261
146 94
valid:  370407
142 94
valid:  370549
551 94
3 95
valid:  370552
660 95
valid:  371212
164 95
valid:  371376
498 95
valid:  371874
872 95
valid:  372746
621 95
valid:  373367
991 95
valid:  374358
174 96
valid:  374532
683 96
valid:  375215
542 96
valid:  375757
960 96
valid:  376717
782 96
valid:  377499
755 96
valid:  378254
557 96
valid:  378811
282 96
valid:  379093
409 96
valid:  379502
103 96
943 96
valid:  380445
231 97
valid:  380676
891 97
valid:  381567
782 97
valid:  382349
992 97
valid:  383341
492 97
valid:  383833
69 97
valid:  383902
610 97
valid:  384512
557 97
964 98
valid:  385476
104 98
valid:  385580
289 98
valid:  385869
853 98
valid:  386722
691 98
valid:  387413
830 98
valid:  388243
870 98
valid:  389113
77 98
189 98
valid:  389302
310 98
valid:  389612
583 98
valid:  390195
449 99
435 99
valid:  390630
732 99
valid:  391362
238 99
valid:  391600
161 99
valid:  391761
688 99
valid:  392449
675 99
valid:  393124
934 99
valid:  394058
891 99
valid:  394949
21 100
valid:  394970
239 100
valid:  395209
430 100
valid:  395639
376 100
valid:  396015
205 100
valid:  396220
790 100
valid:  397010
73 100
valid:  397083
334 100
valid:  397417
598 100
valid:  398015
863 101
valid:  398878
474 101
valid:  399352
339 101
valid:  399691
765 101
valid:  400456
534 101
valid:  400990
116 101
valid:  401106
513 101
valid:  401619
262 102
valid:  401881
785 102
valid:  402666
915 102
622 102
valid:  403288
440 102
valid:  403728
416 102
valid:  404144
143 102
valid:  404287
34 102
valid:  404321
45 102
valid:  404366
515 102
valid:  404881
448 102
valid:  405329
268 102
valid:  405597
844 103
valid:  406441
142 103
valid:  406583
666 103
valid:  407249
266 103
valid:  407515
236 103
valid:  407751
439 103
valid:  408190
338 103
valid:  408528
496 103
valid:  409024
285 103
647 104
valid:  409671
393 104
valid:  410064
236 104
valid:  410300
218 104
valid:  410518
819 104
valid:  411337
779 104
valid:  412116
765 104
valid:  412881
292 104
257 105
valid:  413138
274 105
valid:  413412
247 105
valid:  413659
951 105
valid:  414610
121 105
valid:  414731
391 105
817 105
valid:  415548
742 106
98 106
valid:  415646
628 106
valid:  416274
168 106
valid:  416442
539 106
valid:  416981
701 106
valid:  417682
659 107
valid:  418341
622 107
valid:  418963
868 107
valid:  419831
713 107
valid:  420544
357 107
298 107
valid:  420842
917 107
valid:  421759
781 107
467 108
valid:  422226
382 108
valid:  422608
899 108
valid:  423507
819 108
valid:  424326
952 108
valid:  425278
388 108
valid:  425666
684 108
valid:  426350
558 108
valid:  426908
60 108
valid:  426968
615 108
valid:  427583
604 109
85 109
76 109
valid:  427659
893 109
valid:  428552
866 109
valid:  429418
784 109
valid:  430202
423 109
valid:  430625
334 109
valid:  430959
935 109
valid:  431894
154 110
valid:  432048
424 110
valid:  432472
583 110
valid:  433055
8 110
valid:  433063
926 110
valid:  433989
441 110
valid:  434430
50 110
valid:  434480
155 110
valid:  434635
599 110
valid:  435234
115 110
valid:  435349
96 111
valid:  435445
506 111
valid:  435951
846 111
valid:  436797
152 111
valid:  436949
985 111
valid:  437934
589 111
valid:  438523
384 111
valid:  438907
44 111
valid:  438951
560 111
valid:  439511
161 112
valid:  439672
167 112
valid:  439839
906 112
valid:  440745
901 112
valid:  441646
92 112
valid:  441738
610 112
valid:  442348
247 112
valid:  442595
330 112
valid:  442925
92 112
valid:  443017
26 113
523 113
valid:  443540
190 113
valid:  443730
711 113
valid:  444441
302 113
valid:  444743
690 113
986 113
valid:  445729
714 113
valid:  446443
154 114
valid:  446597
763 114
valid:  447360
59 114
valid:  447419
305 114
valid:  447724
560 114
valid:  448284
726 114
valid:  449010
79 114
valid:  449089
521 114
valid:  449610
160 114
valid:  449770
159 114
valid:  449929
81 114
valid:  450010
991 115
339 115
valid:  450349
434 115
valid:  450783
626 115
valid:  451409
692 115
valid:  452101
448 116
valid:  452549
96 116
valid:  452645
782 116
valid:  453427
353 116
949 116
valid:  454376
655 116
valid:  455031
752 116
522 116
valid:  455553
905 116
valid:  456458
964 116
valid:  457422
683 116
valid:  458105
83 116
valid:  458188
127 117
valid:  458315
671 117
valid:  458986
783 118
14 118
valid:  459000
746 118
valid:  459746
271 118
valid:  460017
38 118
valid:  460055
666 118
valid:  460721
513 118
valid:  461234
37 118
valid:  461271
984 118
valid:  462255
824 118
valid:  463079
463 118
valid:  463542
154 118
valid:  463696
60 119
valid:  463756
892 119
valid:  464648
304 119
354 119
valid:  465002
20 119
valid:  465022
99 119
valid:  465121
351 119
valid:  465472
367 119
valid:  465839
914 119
valid:  466753
622 119
310 119
valid:  467063
194 119
339 120
valid:  467402
318 120
6 120
valid:  467408
329 120
valid:  467737
240 120
valid:  467977
76 120
valid:  468053
45 120
valid:  468098
601 120
valid:  468699
211 120
valid:  468910
700 121
valid:  469610
925 121
616 121
valid:  470226
56 121
valid:  470282
570 121
valid:  470852
970 121
valid:  471822
751 121
valid:  472573
556 121
valid:  473129
958 121
valid:  474087
50 121
valid:  474137
667 121
valid:  474804
63 121
793 121
valid:  475597
8 122
854 122
valid:  476451
304 122
valid:  476755
324 122
valid:  477079
213 122
valid:  477292
832 123
572 123
valid:  477864
303 123
valid:  478167
872 123
valid:  479039
822 123
2 123
434 123
valid:  479473
76 123
34 123
valid:  479507
866 123
valid:  480373
684 123
valid:  481057
571 123
valid:  481628
756 123
valid:  482384
922 124
908 124
valid:  483292
811 124
valid:  484103
792 124
valid:  484895
967 124
valid:  485862
432 124
valid:  486294
304 124
valid:  486598
676 124
valid:  487274
314 124
valid:  487588
364 124
valid:  487952
39 125
valid:  487991
127 125
27 125
937 125
valid:  488928
172 125
valid:  489100
532 125
valid:  489632
156 126
valid:  489788
626 126
valid:  490414
667 126
valid:  491081
151 126
valid:  491232
776 126
valid:  492008
846 126
valid:  492854
562 126
valid:  493416
254 126
valid:  493670
297 126
valid:  493967
751 126
valid:  494718
457 127
valid:  495175
213 127
valid:  495388
403 127
valid:  495791
656 127
valid:  496447
546 127
valid:  496993
866 127
valid:  497859
954 127
valid:  498813
576 127
valid:  499389
227 128
valid:  499616
364 128
752 128
977 128
valid:  500593
231 128
valid:  500824
739 128
valid:  501563
610 128
valid:  502173
730 128
838 129
valid:  503011
645 129
valid:  503656
692 129
valid:  504348
170 129
valid:  504518
906 129
valid:  505424
149 129
valid:  505573
578 129
valid:  506151
470 129
981 129
valid:  507132
310 129
valid:  507442
959 130
447 130
valid:  507889
33 130
valid:  507922
513 130
valid:  508435
412 130
valid:  508847
784 130
365 130
valid:  509212
593 131
valid:  509805
965 131
valid:  510770
907 131
valid:  511677
482 131
valid:  512159
915 131
valid:  513074
327 131
valid:  513401
529 131
valid:  513930
425 131
valid:  514355
613 132
valid:  514968
490 132
valid:  515458
971 132
valid:  516429
542 132
valid:  516971
695 132
valid:  517666
803 132
valid:  518469
917 132
valid:  519386
446 132
valid:  519832
53 132
455 132
valid:  520287
258 133
valid:  520545
303 133
valid:  520848
517 133
7 133
598 133
472 133
valid:  521320
224 133
valid:  521544
903 133
valid:  522447
724 134
valid:  523171
575 134
valid:  523746
312 134
valid:  524058
628 134
valid:  524686
108 134
valid:  524794
343 135
valid:  525137
374 135
valid:  525511
675 135
valid:  526186
371 135
valid:  526557
409 135
valid:  526966
502 135
valid:  527468
928 135
135 135
valid:  527603
482 135
valid:  528085
384 135
valid:  528469
195 135
valid:  528664
59 135
valid:  528723
144 135
valid:  528867
982 135
valid:  529849
787 135
valid:  530636
289 136
valid:  530925
729 136
valid:  531654
990 136
147 137
valid:  531801
613 137
valid:  532414
534 137
valid:  532948
938 137
valid:  533886
882 137
valid:  534768
740 137
valid:  535508
518 137
valid:  536026
994 137
valid:  537020
800 137
valid:  537820
222 137
valid:  538042
933 137
valid:  538975
836 137
valid:  539811
260 137
valid:  540071
339 137
valid:  540410
628 137
valid:  541038
935 137
valid:  541973
726 138
308 138
valid:  542281
146 138
valid:  542427
509 138
valid:  542936
593 138
valid:  543529
930 139
823 139
994 139
valid:  544523
100 139
857 139
valid:  545380
708 139
220 139
184 139
valid:  545564
545564
