426 0
valid:  426
985 0
valid:  1411
40 0
207 0
841 0
valid:  2252
463 0
valid:  2715
633 0
valid:  3348
17 0
valid:  3365
384 0
531 1
valid:  3896
125 1
valid:  4021
312 1
valid:  4333
895 1
valid:  5228
998 1
valid:  6226
945 1
33 1
353 1
valid:  6579
21 2
valid:  6600
727 2
valid:  7327
545 2
valid:  7872
80 2
602 2
272 2
valid:  8144
743 2
valid:  8887
558 3
valid:  9445
577 3
valid:  10022
486 3
valid:  10508
186 3
valid:  10694
925 3
valid:  11619
483 3
valid:  12102
883 3
valid:  12985
1 3
286 3
valid:  13271
625 3
474 3
valid:  13745
491 3
valid:  14236
243 4
valid:  14479
287 4
valid:  14766
245 4
830 4
valid:  15596
793 4
valid:  16389
306 4
valid:  16695
238 5
685 5
807 5
valid:  17502
28 5
valid:  17530
947 5
valid:  18477
705 5
valid:  19182
573 5
valid:  19755
500 5
valid:  20255
781 5
valid:  21036
496 5
valid:  21532
989 6
valid:  22521
923 6
valid:  23444
713 6
valid:  24157
539 6
valid:  24696
917 6
valid:  25613
115 6
valid:  25728
662 6
valid:  26390
413 6
valid:  26803
886 7
valid:  27689
442 7
398 7
valid:  28087
636 7
valid:  28723
976 8
valid:  29699
413 8
valid:  30112
498 8
valid:  30610
266 8
valid:  30876
796 8
87 8
valid:  30963
969 8
valid:  31932
881 8
valid:  32813
815 8
valid:  33628
279 8
valid:  33907
415 8
valid:  34322
728 9
valid:  35050
129 9
670 9
valid:  35720
890 9
valid:  36610
760 9
valid:  37370
832 9
valid:  38202
227 9
valid:  38429
632 9
valid:  39061
212 9
valid:  39273
257 10
valid:  39530
712 10
valid:  40242
491 10
valid:  40733
41 10
valid:  40774
970 10
373 10
valid:  41147
742 10
valid:  41889
330 10
valid:  42219
814 10
415 11
valid:  42634
406 11
valid:  43040
441 11
valid:  43481
35 11
valid:  43516
828 11
valid:  44344
239 11
valid:  44583
533 11
valid:  45116
206 11
valid:  45322
687 12
834 12
valid:  46156
448 12
valid:  46604
658 12
467 12
valid:  47071
244 12
valid:  47315
332 12
valid:  47647
35 12
valid:  47682
453 13
valid:  48135
616 13
valid:  48751
609 13
valid:  49360
662 13
valid:  50022
672 13
valid:  50694
56 13
valid:  50750
661 13
602 13
valid:  51352
549 13
valid:  51901
661 13
141 13
valid:  52042
73 13
valid:  52115
699 14
valid:  52814
904 14
valid:  53718
189 14
valid:  53907
677 14
valid:  54584
473 14
valid:  55057
670 15
valid:  55727
938 15
valid:  56665
267 15
valid:  56932
684 15
valid:  57616
514 15
valid:  58130
211 15
valid:  58341
875 15
valid:  59216
667 15
valid:  59883
171 15
valid:  60054
110 15
valid:  60164
426 15
valid:  60590
29 15
valid:  60619
164 16
valid:  60783
786 16
valid:  61569
646 16
valid:  62215
43 16
885 16
valid:  63100
641 16
996 16
valid:  64096
117 16
valid:  64213
28 16
valid:  64241
921 17
valid:  65162
150 17
valid:  65312
635 17
valid:  65947
973 17
valid:  66920
587 17
valid:  67507
346 17
valid:  67853
771 17
valid:  68624
3 17
962 18
valid:  69586
821 18
valid:  70407
174 18
valid:  70581
391 18
valid:  70972
732 18
valid:  71704
177 18
valid:  71881
101 18
valid:  71982
146 18
valid:  72128
555 18
valid:  72683
117 19
valid:  72800
965 19
valid:  73765
327 19
127 19
valid:  73892
54 19
354 19
valid:  74246
37 19
valid:  74283
56 19
656 19
valid:  74939
335 20
747 20
valid:  75686
967 20
valid:  76653
469 20
valid:  77122
450 20
valid:  77572
560 20
valid:  78132
553 20
valid:  78685
327 20
valid:  79012
215 20
valid:  79227
950 20
valid:  80177
253 21
valid:  80430
796 21
267 21
valid:  80697
946 21
valid:  81643
583 21
valid:  82226
727 21
valid:  82953
37 21
337 21
valid:  83290
649 22
316 22
valid:  83606
680 22
valid:  84286
982 22
valid:  85268
398 22
valid:  85666
961 22
valid:  86627
632 22
valid:  87259
718 22
valid:  87977
599 23
valid:  88576
876 23
valid:  89452
700 23
valid:  90152
617 23
valid:  90769
344 23
valid:  91113
138 23
valid:  91251
611 23
907 23
valid:  92158
291 23
valid:  92449
209 23
valid:  92658
860 24
valid:  93518
850 24
valid:  94368
761 24
valid:  95129
721 24
valid:  95850
804 24
valid:  96654
33 24
valid:  96687
61 25
valid:  96748
378 25
valid:  97126
268 25
valid:  97394
956 25
valid:  98350
813 25
valid:  99163
191 25
valid:  99354
610 25
valid:  99964
168 25
valid:  100132
216 25
valid:  100348
853 25
valid:  101201
826 25
valid:  102027
757 26
valid:  102784
422 26
valid:  103206
427 26
valid:  103633
908 26
valid:  104541
172 27
valid:  104713
464 27
valid:  105177
667 27
931 27
131 27
valid:  105308
939 27
valid:  106247
456 28
valid:  106703
462 28
valid:  107165
985 28
valid:  108150
801 28
933 28
valid:  109083
464 28
641 28
valid:  109724
874 28
valid:  110598
189 28
valid:  110787
42 28
valid:  110829
430 28
valid:  111259
596 28
valid:  111855
945 29
valid:  112800
456 29
valid:  113256
23 29
valid:  113279
335 29
valid:  113614
889 29
valid:  114503
557 29
valid:  115060
810 30
valid:  115870
65 30
382 30
valid:  116252
532 30
valid:  116784
704 30
valid:  117488
796 30
valid:  118284
192 30
46 30
valid:  118330
527 30
929 30
valid:  119259
433 31
valid:  119692
925 31
30 31
617 31
valid:  120309
792 32
valid:  121101
386 32
valid:  121487
575 32
valid:  122062
859 32
valid:  122921
993 32
valid:  123914
334 32
valid:  124248
657 33
296 33
valid:  124544
513 33
valid:  125057
36 33
valid:  125093
267 33
valid:  125360
703 33
186 33
valid:  125546
336 34
443 34
valid:  125989
474 34
valid:  126463
897 34
valid:  127360
215 34
valid:  127575
346 34
valid:  127921
100 34
valid:  128021
812 34
valid:  128833
47 34
444 34
valid:  129277
128 34
valid:  129405
196 34
valid:  129601
705 35
valid:  130306
980 35
valid:  131286
932 35
valid:  132218
122 35
valid:  132340
305 35
valid:  132645
817 35
valid:  133462
424 35
valid:  133886
40 35
valid:  133926
193 35
valid:  134119
210 35
valid:  134329
736 35
valid:  135065
512 35
valid:  135577
326 36
valid:  135903
615 36
valid:  136518
472 36
valid:  136990
350 36
valid:  137340
201 36
valid:  137541
681 36
valid:  138222
902 36
valid:  139124
330 36
valid:  139454
907 37
valid:  140361
303 37
valid:  140664
140 37
valid:  140804
112 37
valid:  140916
93 37
valid:  141009
875 37
valid:  141884
339 37
valid:  142223
361 37
valid:  142584
730 37
valid:  143314
540 38
valid:  143854
498 38
valid:  144352
170 38
valid:  144522
757 38
241 38
valid:  144763
201 38
valid:  144964
359 39
valid:  145323
42 39
valid:  145365
309 39
561 39
valid:  145926
528 39
valid:  146454
444 39
570 39
valid:  147024
125 39
valid:  147149
379 39
valid:  147528
707 39
valid:  148235
285 39
valid:  148520
770 40
valid:  149290
253 40
valid:  149543
515 40
valid:  150058
926 40
45 40
valid:  150103
946 40
valid:  151049
155 41
valid:  151204
573 41
valid:  151777
103 41
valid:  151880
24 41
valid:  151904
179 41
valid:  152083
275 41
valid:  152358
134 41
valid:  152492
963 42
valid:  153455
444 42
valid:  153899
801 42
valid:  154700
656 42
valid:  155356
796 42
valid:  156152
524 42
valid:  156676
84 42
valid:  156760
433 42
valid:  157193
997 42
valid:  158190
122 42
valid:  158312
500 42
valid:  158812
711 42
valid:  159523
447 42
valid:  159970
80 43
valid:  160050
992 43
valid:  161042
894 43
valid:  161936
61 43
183 44
valid:  162119
492 44
valid:  162611
955 44
valid:  163566
222 44
valid:  163788
519 44
valid:  164307
373 44
valid:  164680
304 44
valid:  164984
151 44
valid:  165135
691 44
valid:  165826
655 44
valid:  166481
223 44
valid:  166704
37 44
valid:  166741
221 45
valid:  166962
859 45
valid:  167821
929 45
valid:  168750
398 45
valid:  169148
591 45
valid:  169739
134 45
valid:  169873
960 46
valid:  170833
264 46
valid:  171097
508 46
valid:  171605
118 46
valid:  171723
449 46
valid:  172172
907 46
valid:  173079
791 46
valid:  173870
239 47
valid:  174109
248 47
valid:  174357
531 47
valid:  174888
696 47
valid:  175584
741 47
valid:  176325
50 47
valid:  176375
174 47
valid:  176549
506 48
valid:  177055
809 48
valid:  177864
796 48
valid:  178660
906 48
valid:  179566
17 48
valid:  179583
51 48
valid:  179634
520 49
valid:  180154
198 49
valid:  180352
781 49
valid:  181133
253 49
valid:  181386
957 49
valid:  182343
222 49
valid:  182565
216 49
valid:  182781
513 49
valid:  183294
959 49
valid:  184253
638 49
valid:  184891
312 49
valid:  185203
172 49
valid:  185375
318 49
valid:  185693
514 49
valid:  186207
239 50
valid:  186446
923 50
valid:  187369
852 50
valid:  188221
414 50
valid:  188635
104 50
valid:  188739
936 50
valid:  189675
221 51
valid:  189896
116 51
valid:  190012
712 51
valid:  190724
201 51
346 51
valid:  191070
475 51
valid:  191545
745 51
valid:  192290
109 51
valid:  192399
202 51
valid:  192601
957 52
valid:  193558
353 52
valid:  193911
171 52
valid:  194082
468 52
valid:  194550
906 52
valid:  195456
593 52
valid:  196049
592 52
valid:  196641
316 52
valid:  196957
232 53
251 53
valid:  197208
179 53
valid:  197387
904 53
valid:  198291
365 53
valid:  198656
331 53
valid:  198987
541 53
valid:  199528
856 54
valid:  200384
412 54
valid:  200796
844 54
valid:  201640
877 54
valid:  202517
871 54
valid:  203388
416 54
valid:  203804
810 54
valid:  204614
685 54
valid:  205299
776 54
valid:  206075
969 54
valid:  207044
158 55
valid:  207202
319 55
valid:  207521
681 55
valid:  208202
780 55
valid:  208982
428 55
valid:  209410
650 55
valid:  210060
241 55
valid:  210301
123 55
valid:  210424
826 56
valid:  211250
688 56
valid:  211938
983 56
valid:  212921
723 56
valid:  213644
892 56
valid:  214536
270 56
valid:  214806
234 56
valid:  215040
443 56
valid:  215483
970 56
valid:  216453
314 57
valid:  216767
588 57
valid:  217355
225 57
valid:  217580
496 57
valid:  218076
732 57
valid:  218808
344 58
valid:  219152
644 58
valid:  219796
413 58
valid:  220209
997 58
valid:  221206
553 58
valid:  221759
87 58
valid:  221846
282 58
valid:  222128
943 58
valid:  223071
866 58
valid:  223937
563 59
valid:  224500
910 59
valid:  225410
267 59
valid:  225677
546 59
60 59
421 59
valid:  226098
739 59
valid:  226837
251 59
valid:  227088
169 59
valid:  227257
605 59
valid:  227862
938 60
52 60
valid:  227914
761 60
valid:  228675
762 60
valid:  229437
335 60
valid:  229772
842 60
valid:  230614
44 60
valid:  230658
528 60
valid:  231186
77 60
valid:  231263
201 60
valid:  231464
597 61
valid:  232061
896 61
valid:  232957
543 61
valid:  233500
76 61
valid:  233576
938 61
707 61
valid:  234283
8 61
982 61
valid:  235265
894 62
valid:  236159
195 62
310 62
valid:  236469
986 62
valid:  237455
54 62
valid:  237509
854 62
valid:  238363
553 62
valid:  238916
192 62
valid:  239108
127 62
valid:  239235
566 62
valid:  239801
768 62
valid:  240569
850 62
valid:  241419
970 62
valid:  242389
835 63
valid:  243224
874 63
valid:  244098
663 63
valid:  244761
65 63
valid:  244826
947 63
valid:  245773
539 63
valid:  246312
12 63
valid:  246324
947 63
valid:  247271
485 63
valid:  247756
749 63
valid:  248505
34 64
valid:  248539
378 64
922 64
valid:  249461
947 64
valid:  250408
598 64
valid:  251006
880 64
valid:  251886
723 64
valid:  252609
791 64
valid:  253400
18 64
valid:  253418
165 65
valid:  253583
388 65
valid:  253971
94 65
863 65
valid:  254834
132 65
valid:  254966
184 65
valid:  255150
973 65
valid:  256123
58 65
226 65
valid:  256349
618 65
valid:  256967
154 66
valid:  257121
240 66
valid:  257361
34 66
297 66
valid:  257658
429 66
valid:  258087
625 66
valid:  258712
672 66
valid:  259384
619 67
valid:  260003
641 67
valid:  260644
520 67
valid:  261164
340 67
918 67
valid:  262082
390 67
valid:  262472
502 67
valid:  262974
164 67
789 67
valid:  263763
984 67
valid:  264747
933 68
valid:  265680
838 68
valid:  266518
240 68
valid:  266758
400 68
valid:  267158
288 68
valid:  267446
196 68
valid:  267642
109 68
valid:  267751
749 68
valid:  268500
513 68
valid:  269013
751 68
valid:  269764
709 69
881 69
valid:  270645
905 69
valid:  271550
643 69
valid:  272193
114 69
608 69
valid:  272801
190 69
valid:  272991
993 69
valid:  273984
109 70
valid:  274093
368 70
valid:  274461
123 70
valid:  274584
98 70
valid:  274682
501 70
valid:  275183
691 70
valid:  275874
410 70
valid:  276284
126 70
valid:  276410
92 70
valid:  276502
546 70
valid:  277048
219 70
valid:  277267
18 71
valid:  277285
70 71
valid:  277355
296 71
valid:  277651
987 71
valid:  278638
235 71
valid:  278873
8 71
828 71
valid:  279701
151 72
551 72
valid:  280252
153 72
valid:  280405
883 72
valid:  281288
833 72
valid:  282121
497 72
287 72
valid:  282408
427 72
valid:  282835
377 72
valid:  283212
428 72
valid:  283640
910 72
valid:  284550
448 72
valid:  284998
598 72
valid:  285596
334 72
valid:  285930
53 72
valid:  285983
619 72
valid:  286602
589 73
valid:  287191
723 73
valid:  287914
832 73
valid:  288746
131 73
705 73
valid:  289451
794 74
valid:  290245
686 74
valid:  290931
790 74
192 74
valid:  291123
970 74
valid:  292093
612 74
valid:  292705
546 74
valid:  293251
98 74
valid:  293349
942 74
valid:  294291
941 74
valid:  295232
223 75
valid:  295455
686 75
valid:  296141
547 75
665 75
valid:  296806
396 75
valid:  297202
210 75
valid:  297412
408 75
valid:  297820
322 75
valid:  298142
839 75
valid:  298981
557 75
valid:  299538
521 75
valid:  300059
170 76
valid:  300229
166 76
valid:  300395
390 76
valid:  300785
100 76
valid:  300885
921 76
valid:  301806
984 76
valid:  302790
450 76
valid:  303240
639 76
valid:  303879
296 76
valid:  304175
372 77
valid:  304547
760 77
valid:  305307
266 77
valid:  305573
600 77
valid:  306173
999 77
valid:  307172
906 77
valid:  308078
632 77
469 77
valid:  308547
250 77
valid:  308797
422 77
valid:  309219
643 77
valid:  309862
911 78
valid:  310773
494 78
valid:  311267
355 78
valid:  311622
159 78
valid:  311781
848 78
valid:  312629
676 78
valid:  313305
35 78
81 79
valid:  313386
544 79
valid:  313930
67 79
valid:  313997
159 79
valid:  314156
209 79
747 79
valid:  314903
29 79
valid:  314932
812 79
430 79
valid:  315362
232 79
valid:  315594
199 79
valid:  315793
587 79
valid:  316380
760 80
331 80
valid:  316711
158 80
valid:  316869
29 80
valid:  316898
596 80
477 80
valid:  317375
922 81
valid:  318297
388 81
valid:  318685
970 81
510 81
valid:  319195
68 81
valid:  319263
590 81
545 81
621 81
valid:  319884
977 81
valid:  320861
593 81
889 81
valid:  321750
879 81
valid:  322629
389 81
valid:  323018
163 82
618 82
valid:  323636
370 82
valid:  324006
946 82
valid:  324952
332 82
valid:  325284
837 82
valid:  326121
658 82
valid:  326779
835 83
valid:  327614
129 83
valid:  327743
566 83
valid:  328309
690 83
valid:  328999
237 83
valid:  329236
386 83
valid:  329622
36 83
valid:  329658
411 83
valid:  330069
52 83
valid:  330121
733 83
valid:  330854
783 83
valid:  331637
670 84
valid:  332307
978 84
valid:  333285
84 84
valid:  333369
991 84
valid:  334360
632 84
valid:  334992
957 84
valid:  335949
52 84
valid:  336001
548 84
valid:  336549
920 85
949 85
valid:  337498
482 85
valid:  337980
812 85
valid:  338792
413 85
valid:  339205
201 85
valid:  339406
663 85
valid:  340069
286 85
valid:  340355
424 85
valid:  340779
296 85
valid:  341075
630 85
valid:  341705
992 86
valid:  342697
307 86
valid:  343004
634 86
valid:  343638
716 86
287 86
811 86
valid:  344449
4 86
413 86
valid:  344862
896 86
valid:  345758
84 86
valid:  345842
52 86
valid:  345894
253 87
valid:  346147
459 87
valid:  346606
926 87
valid:  347532
446 87
valid:  347978
175 87
168 88
valid:  348146
781 88
valid:  348927
344 88
valid:  349271
85 88
valid:  349356
373 88
valid:  349729
224 88
valid:  349953
393 88
valid:  350346
545 88
valid:  350891
749 88
valid:  351640
643 88
valid:  352283
968 88
776 89
valid:  353059
145 89
valid:  353204
140 89
valid:  353344
578 89
valid:  353922
45 89
596 89
valid:  354518
639 89
valid:  355157
415 90
valid:  355572
393 90
valid:  355965
988 90
valid:  356953
878 90
valid:  357831
22 90
valid:  357853
909 90
284 90
valid:  358137
173 90
valid:  358310
564 90
valid:  358874
48 90
valid:  358922
33 90
valid:  358955
444 90
259 91
207 91
valid:  359162
631 91
valid:  359793
669 91
valid:  360462
282 91
valid:  360744
130 92
119 92
valid:  360863
422 92
valid:  361285
440 92
valid:  361725
461 92
valid:  362186
154 92
valid:  362340
575 92
valid:  362915
329 92
valid:  363244
180 92
valid:  363424
576 92
valid:  364000
367 92
valid:  364367
618 93
valid:  364985
538 93
valid:  365523
493 93
valid:  366016
729 93
valid:  366745
903 93
valid:  367648
82 93
valid:  367730
541 94
valid:  368271
124 94
valid:  368395
627 94
valid:  369022
806 94
valid:  369828
666 94
valid:  370494
703 94
valid:  371197
146 94
valid:  371343
142 94
valid:  371485
551 94
valid:  372036
3 95
valid:  372039
660 95
valid:  372699
164 95
valid:  372863
498 95
valid:  373361
872 95
valid:  374233
621 95
valid:  374854
991 95
valid:  375845
174 96
valid:  376019
683 96
valid:  376702
542 96
valid:  377244
960 96
valid:  378204
782 96
valid:  378986
755 96
valid:  379741
557 96
valid:  380298
282 96
valid:  380580
409 96
valid:  380989
103 96
943 96
valid:  381932
231 97
valid:  382163
891 97
valid:  383054
782 97
valid:  383836
992 97
valid:  384828
492 97
valid:  385320
69 97
valid:  385389
610 97
valid:  385999
557 97
964 98
valid:  386963
104 98
valid:  387067
289 98
valid:  387356
853 98
valid:  388209
691 98
valid:  388900
830 98
valid:  389730
870 98
valid:  390600
77 98
189 98
valid:  390789
310 98
valid:  391099
583 98
valid:  391682
449 99
435 99
valid:  392117
732 99
valid:  392849
238 99
valid:  393087
161 99
valid:  393248
688 99
valid:  393936
675 99
valid:  394611
934 99
valid:  395545
891 99
valid:  396436
21 100
valid:  396457
239 100
valid:  396696
430 100
valid:  397126
376 100
valid:  397502
205 100
valid:  397707
790 100
valid:  398497
73 100
valid:  398570
334 100
valid:  398904
598 100
valid:  399502
863 101
valid:  400365
474 101
valid:  400839
339 101
valid:  401178
765 101
valid:  401943
534 101
valid:  402477
116 101
valid:  402593
513 101
valid:  403106
262 102
valid:  403368
785 102
valid:  404153
915 102
622 102
valid:  404775
440 102
valid:  405215
416 102
valid:  405631
143 102
valid:  405774
34 102
valid:  405808
45 102
valid:  405853
515 102
valid:  406368
448 102
valid:  406816
268 102
valid:  407084
844 103
valid:  407928
142 103
valid:  408070
666 103
valid:  408736
266 103
valid:  409002
236 103
valid:  409238
439 103
valid:  409677
338 103
valid:  410015
496 103
valid:  410511
285 103
valid:  410796
647 104
valid:  411443
393 104
valid:  411836
236 104
valid:  412072
218 104
valid:  412290
819 104
valid:  413109
779 104
valid:  413888
765 104
valid:  414653
292 104
257 105
valid:  414910
274 105
valid:  415184
247 105
valid:  415431
951 105
valid:  416382
121 105
valid:  416503
391 105
817 105
valid:  417320
742 106
98 106
valid:  417418
628 106
valid:  418046
168 106
valid:  418214
539 106
valid:  418753
701 106
valid:  419454
659 107
valid:  420113
622 107
valid:  420735
868 107
valid:  421603
713 107
valid:  422316
357 107
298 107
valid:  422614
917 107
valid:  423531
781 107
467 108
valid:  423998
382 108
valid:  424380
899 108
valid:  425279
819 108
valid:  426098
952 108
valid:  427050
388 108
valid:  427438
684 108
valid:  428122
558 108
valid:  428680
60 108
valid:  428740
615 108
valid:  429355
604 109
85 109
76 109
valid:  429431
893 109
valid:  430324
866 109
valid:  431190
784 109
valid:  431974
423 109
valid:  432397
334 109
valid:  432731
935 109
valid:  433666
154 110
valid:  433820
424 110
valid:  434244
583 110
valid:  434827
8 110
valid:  434835
926 110
valid:  435761
441 110
valid:  436202
50 110
valid:  436252
155 110
valid:  436407
599 110
valid:  437006
115 110
valid:  437121
96 111
valid:  437217
506 111
valid:  437723
846 111
valid:  438569
152 111
valid:  438721
985 111
valid:  439706
589 111
valid:  440295
384 111
valid:  440679
44 111
valid:  440723
560 111
valid:  441283
161 112
valid:  441444
167 112
valid:  441611
906 112
valid:  442517
901 112
valid:  443418
92 112
valid:  443510
610 112
valid:  444120
247 112
valid:  444367
330 112
valid:  444697
92 112
valid:  444789
26 113
523 113
valid:  445312
190 113
valid:  445502
711 113
valid:  446213
302 113
valid:  446515
690 113
986 113
valid:  447501
714 113
valid:  448215
154 114
valid:  448369
763 114
valid:  449132
59 114
valid:  449191
305 114
valid:  449496
560 114
valid:  450056
726 114
valid:  450782
79 114
valid:  450861
521 114
valid:  451382
160 114
valid:  451542
159 114
valid:  451701
81 114
valid:  451782
991 115
339 115
valid:  452121
434 115
valid:  452555
626 115
valid:  453181
692 115
valid:  453873
448 116
valid:  454321
96 116
valid:  454417
782 116
valid:  455199
353 116
949 116
valid:  456148
655 116
valid:  456803
752 116
522 116
valid:  457325
905 116
valid:  458230
964 116
valid:  459194
683 116
valid:  459877
83 116
valid:  459960
127 117
valid:  460087
671 117
valid:  460758
783 118
14 118
valid:  460772
746 118
valid:  461518
271 118
valid:  461789
38 118
valid:  461827
666 118
valid:  462493
513 118
valid:  463006
37 118
valid:  463043
984 118
valid:  464027
824 118
valid:  464851
463 118
valid:  465314
154 118
valid:  465468
60 119
valid:  465528
892 119
valid:  466420
304 119
354 119
valid:  466774
20 119
valid:  466794
99 119
valid:  466893
351 119
valid:  467244
367 119
valid:  467611
914 119
valid:  468525
622 119
310 119
valid:  468835
194 119
valid:  469029
339 120
valid:  469368
318 120
6 120
valid:  469374
329 120
valid:  469703
240 120
valid:  469943
76 120
valid:  470019
45 120
valid:  470064
601 120
valid:  470665
211 120
valid:  470876
700 121
valid:  471576
925 121
616 121
valid:  472192
56 121
valid:  472248
570 121
valid:  472818
970 121
valid:  473788
751 121
valid:  474539
556 121
valid:  475095
958 121
valid:  476053
50 121
valid:  476103
667 121
valid:  476770
63 121
793 121
valid:  477563
8 122
854 122
valid:  478417
304 122
valid:  478721
324 122
valid:  479045
213 122
valid:  479258
832 123
572 123
valid:  479830
303 123
valid:  480133
872 123
valid:  481005
822 123
2 123
434 123
valid:  481439
76 123
34 123
valid:  481473
866 123
valid:  482339
684 123
valid:  483023
571 123
valid:  483594
756 123
valid:  484350
922 124
908 124
valid:  485258
811 124
valid:  486069
792 124
valid:  486861
967 124
valid:  487828
432 124
valid:  488260
304 124
valid:  488564
676 124
valid:  489240
314 124
valid:  489554
364 124
valid:  489918
39 125
valid:  489957
127 125
27 125
937 125
valid:  490894
172 125
valid:  491066
532 125
valid:  491598
156 126
valid:  491754
626 126
valid:  492380
667 126
valid:  493047
151 126
valid:  493198
776 126
valid:  493974
846 126
valid:  494820
562 126
valid:  495382
254 126
valid:  495636
297 126
valid:  495933
751 126
valid:  496684
457 127
valid:  497141
213 127
valid:  497354
403 127
valid:  497757
656 127
valid:  498413
546 127
valid:  498959
866 127
valid:  499825
954 127
valid:  500779
576 127
valid:  501355
227 128
valid:  501582
364 128
752 128
977 128
valid:  502559
231 128
valid:  502790
739 128
valid:  503529
610 128
valid:  504139
730 128
838 129
valid:  504977
645 129
valid:  505622
692 129
valid:  506314
170 129
valid:  506484
906 129
valid:  507390
149 129
valid:  507539
578 129
valid:  508117
470 129
981 129
valid:  509098
310 129
valid:  509408
959 130
447 130
valid:  509855
33 130
valid:  509888
513 130
valid:  510401
412 130
valid:  510813
784 130
365 130
valid:  511178
593 131
valid:  511771
965 131
valid:  512736
907 131
valid:  513643
482 131
valid:  514125
915 131
valid:  515040
327 131
valid:  515367
529 131
valid:  515896
425 131
valid:  516321
613 132
valid:  516934
490 132
valid:  517424
971 132
valid:  518395
542 132
valid:  518937
695 132
valid:  519632
803 132
valid:  520435
917 132
valid:  521352
446 132
valid:  521798
53 132
455 132
valid:  522253
258 133
valid:  522511
303 133
valid:  522814
517 133
7 133
598 133
472 133
valid:  523286
224 133
valid:  523510
903 133
valid:  524413
724 134
valid:  525137
575 134
valid:  525712
312 134
valid:  526024
628 134
valid:  526652
108 134
valid:  526760
343 135
valid:  527103
374 135
valid:  527477
675 135
valid:  528152
371 135
valid:  528523
409 135
valid:  528932
502 135
valid:  529434
928 135
135 135
valid:  529569
482 135
valid:  530051
384 135
valid:  530435
195 135
valid:  530630
59 135
valid:  530689
144 135
valid:  530833
982 135
valid:  531815
787 135
valid:  532602
289 136
valid:  532891
729 136
valid:  533620
990 136
147 137
valid:  533767
613 137
valid:  534380
534 137
valid:  534914
938 137
valid:  535852
882 137
valid:  536734
740 137
valid:  537474
518 137
valid:  537992
994 137
valid:  538986
800 137
valid:  539786
222 137
valid:  540008
933 137
valid:  540941
836 137
valid:  541777
260 137
valid:  542037
339 137
valid:  542376
628 137
valid:  543004
935 137
valid:  543939
726 138
308 138
valid:  544247
146 138
valid:  544393
509 138
valid:  544902
593 138
valid:  545495
930 139
823 139
994 139
valid:  546489
100 139
857 139
valid:  547346
708 139
220 139
184 139
valid:  547530
547530
