+_=@#$%&*/-

426 0
985 0
valid:  985
40 0
207 0
841 0
463 0
valid:  1448
633 0
17 0
valid:  1465
384 0
531 1
valid:  1996
125 1
valid:  2121
312 1
895 1
valid:  3016
998 1
945 1
33 1
353 1
21 2
727 2
valid:  3743
545 2
valid:  4288
80 2
602 2
272 2
valid:  4560
743 2
558 3
valid:  5118
577 3
valid:  5695
486 3
valid:  6181
186 3
valid:  6367
925 3
valid:  7292
483 3
883 3
1 3
286 3
valid:  7578
625 3
474 3
valid:  8052
491 3
243 4
287 4
245 4
830 4
valid:  8882
793 4
306 4
238 5
685 5
807 5
valid:  9689
28 5
947 5
705 5
573 5
valid:  10262
500 5
valid:  10762
781 5
valid:  11543
496 5
989 6
923 6
713 6
539 6
917 6
valid:  12460
115 6
662 6
413 6
valid:  12873
886 7
442 7
398 7
valid:  13271
636 7
976 8
valid:  14247
413 8
498 8
266 8
796 8
87 8
969 8
881 8
815 8
279 8
valid:  14526
415 8
728 9
valid:  15254
129 9
670 9
890 9
760 9
832 9
227 9
valid:  15481
632 9
212 9
valid:  15693
257 10
valid:  15950
712 10
491 10
41 10
valid:  15991
970 10
373 10
742 10
330 10
valid:  16321
814 10
415 11
406 11
441 11
35 11
828 11
valid:  17149
239 11
valid:  17388
533 11
valid:  17921
206 11
valid:  18127
687 12
834 12
448 12
658 12
467 12
valid:  18594
244 12
valid:  18838
332 12
valid:  19170
35 12
453 13
616 13
609 13
valid:  19779
662 13
672 13
56 13
valid:  19835
661 13
602 13
valid:  20437
549 13
valid:  20986
661 13
141 13
73 13
valid:  21059
699 14
904 14
189 14
valid:  21248
677 14
valid:  21925
473 14
670 15
938 15
267 15
valid:  22192
684 15
valid:  22876
514 15
211 15
875 15
valid:  23751
667 15
171 15
110 15
valid:  23861
426 15
valid:  24287
29 15
valid:  24316
164 16
valid:  24480
786 16
valid:  25266
646 16
valid:  25912
43 16
885 16
641 16
996 16
valid:  26908
117 16
28 16
921 17
valid:  27829
150 17
valid:  27979
635 17
valid:  28614
973 17
587 17
valid:  29201
346 17
valid:  29547
771 17
valid:  30318
3 17
962 18
valid:  31280
821 18
valid:  32101
174 18
391 18
valid:  32492
732 18
valid:  33224
177 18
valid:  33401
101 18
valid:  33502
146 18
555 18
valid:  34057
117 19
965 19
327 19
127 19
valid:  34184
54 19
354 19
valid:  34538
37 19
valid:  34575
56 19
656 19
335 20
747 20
valid:  35322
967 20
valid:  36289
469 20
valid:  36758
450 20
560 20
553 20
valid:  37311
327 20
valid:  37638
215 20
valid:  37853
950 20
253 21
valid:  38106
796 21
267 21
946 21
583 21
727 21
valid:  38833
37 21
337 21
valid:  39170
649 22
316 22
valid:  39486
680 22
valid:  40166
982 22
398 22
valid:  40564
961 22
valid:  41525
632 22
valid:  42157
718 22
valid:  42875
599 23
valid:  43474
876 23
valid:  44350
700 23
valid:  45050
617 23
valid:  45667
344 23
valid:  46011
138 23
valid:  46149
611 23
907 23
291 23
209 23
valid:  46358
860 24
850 24
761 24
721 24
valid:  47079
804 24
valid:  47883
33 24
61 25
378 25
valid:  48261
268 25
valid:  48529
956 25
813 25
valid:  49342
191 25
610 25
168 25
216 25
853 25
valid:  50195
826 25
757 26
422 26
valid:  50617
427 26
valid:  51044
908 26
172 27
464 27
valid:  51508
667 27
931 27
131 27
valid:  51639
939 27
456 28
462 28
valid:  52101
985 28
valid:  53086
801 28
933 28
464 28
641 28
874 28
189 28
valid:  53275
42 28
430 28
valid:  53705
596 28
945 29
valid:  54650
456 29
23 29
valid:  54673
335 29
valid:  55008
889 29
557 29
valid:  55565
810 30
valid:  56375
65 30
382 30
valid:  56757
532 30
valid:  57289
704 30
valid:  57993
796 30
192 30
46 30
527 30
929 30
433 31
valid:  58426
925 31
30 31
617 31
valid:  59043
792 32
valid:  59835
386 32
valid:  60221
575 32
859 32
valid:  61080
993 32
334 32
valid:  61414
657 33
296 33
513 33
valid:  61927
36 33
267 33
valid:  62194
703 33
186 33
valid:  62380
336 34
443 34
474 34
valid:  62854
897 34
215 34
valid:  63069
346 34
valid:  63415
100 34
812 34
47 34
444 34
valid:  63859
128 34
valid:  63987
196 34
705 35
valid:  64692
980 35
valid:  65672
932 35
122 35
valid:  65794
305 35
valid:  66099
817 35
valid:  66916
424 35
valid:  67340
40 35
193 35
210 35
736 35
512 35
326 36
615 36
valid:  67955
472 36
valid:  68427
350 36
valid:  68777
201 36
valid:  68978
681 36
valid:  69659
902 36
330 36
907 37
303 37
valid:  69962
140 37
valid:  70102
112 37
valid:  70214
93 37
valid:  70307
875 37
339 37
361 37
valid:  70668
730 37
valid:  71398
540 38
498 38
valid:  71896
170 38
valid:  72066
757 38
241 38
valid:  72307
201 38
valid:  72508
359 39
valid:  72867
42 39
valid:  72909
309 39
561 39
528 39
valid:  73437
444 39
570 39
125 39
valid:  73562
379 39
707 39
285 39
valid:  73847
770 40
valid:  74617
253 40
515 40
926 40
45 40
valid:  74662
946 40
155 41
573 41
valid:  75235
103 41
valid:  75338
24 41
valid:  75362
179 41
valid:  75541
275 41
valid:  75816
134 41
valid:  75950
963 42
444 42
801 42
valid:  76751
656 42
796 42
524 42
84 42
valid:  76835
433 42
valid:  77268
997 42
122 42
valid:  77390
500 42
valid:  77890
711 42
447 42
80 43
valid:  77970
992 43
894 43
61 43
183 44
492 44
valid:  78462
955 44
222 44
519 44
valid:  78981
373 44
valid:  79354
304 44
151 44
valid:  79505
691 44
valid:  80196
655 44
223 44
37 44
valid:  80233
221 45
valid:  80454
859 45
929 45
valid:  81383
398 45
591 45
134 45
valid:  81517
960 46
264 46
valid:  81781
508 46
118 46
449 46
valid:  82230
907 46
valid:  83137
791 46
valid:  83928
239 47
248 47
531 47
696 47
741 47
valid:  84669
50 47
174 47
506 48
valid:  85175
809 48
valid:  85984
796 48
valid:  86780
906 48
17 48
valid:  86797
51 48
valid:  86848
520 49
198 49
valid:  87046
781 49
253 49
valid:  87299
957 49
222 49
216 49
513 49
valid:  87812
959 49
valid:  88771
638 49
312 49
172 49
valid:  88943
318 49
valid:  89261
514 49
239 50
valid:  89500
923 50
valid:  90423
852 50
valid:  91275
414 50
valid:  91689
104 50
valid:  91793
936 50
valid:  92729
221 51
valid:  92950
116 51
712 51
valid:  93662
201 51
346 51
valid:  94008
475 51
valid:  94483
745 51
109 51
valid:  94592
202 51
957 52
valid:  95549
353 52
valid:  95902
171 52
468 52
valid:  96370
906 52
valid:  97276
593 52
592 52
valid:  97868
316 52
valid:  98184
232 53
251 53
valid:  98435
179 53
904 53
valid:  99339
365 53
valid:  99704
331 53
541 53
856 54
valid:  100560
412 54
844 54
877 54
871 54
valid:  101431
416 54
810 54
valid:  102241
685 54
valid:  102926
776 54
valid:  103702
969 54
valid:  104671
158 55
valid:  104829
319 55
681 55
valid:  105510
780 55
valid:  106290
428 55
valid:  106718
650 55
valid:  107368
241 55
valid:  107609
123 55
valid:  107732
826 56
688 56
valid:  108420
983 56
valid:  109403
723 56
892 56
270 56
234 56
443 56
valid:  109846
970 56
valid:  110816
314 57
valid:  111130
588 57
valid:  111718
225 57
496 57
valid:  112214
732 57
valid:  112946
344 58
valid:  113290
644 58
413 58
valid:  113703
997 58
553 58
87 58
282 58
943 58
866 58
563 59
valid:  114266
910 59
valid:  115176
267 59
valid:  115443
546 59
60 59
421 59
valid:  115864
739 59
valid:  116603
251 59
valid:  116854
169 59
valid:  117023
605 59
valid:  117628
938 60
52 60
valid:  117680
761 60
valid:  118441
762 60
335 60
842 60
valid:  119283
44 60
valid:  119327
528 60
valid:  119855
77 60
201 60
valid:  120056
597 61
896 61
543 61
76 61
valid:  120132
938 61
707 61
valid:  120839
8 61
982 61
894 62
195 62
310 62
valid:  121149
986 62
valid:  122135
54 62
valid:  122189
854 62
553 62
192 62
127 62
566 62
valid:  122755
768 62
valid:  123523
850 62
970 62
835 63
valid:  124358
874 63
663 63
valid:  125021
65 63
947 63
valid:  125968
539 63
valid:  126507
12 63
947 63
valid:  127454
485 63
749 63
34 64
valid:  127488
378 64
922 64
valid:  128410
947 64
valid:  129357
598 64
880 64
valid:  130237
723 64
valid:  130960
791 64
18 64
valid:  130978
165 65
valid:  131143
388 65
94 65
863 65
132 65
184 65
valid:  131327
973 65
valid:  132300
58 65
226 65
618 65
154 66
valid:  132454
240 66
34 66
297 66
429 66
625 66
valid:  133079
672 66
619 67
valid:  133698
641 67
valid:  134339
520 67
valid:  134859
340 67
918 67
390 67
502 67
valid:  135361
164 67
789 67
valid:  136150
984 67
933 68
valid:  137083
838 68
valid:  137921
240 68
valid:  138161
400 68
valid:  138561
288 68
valid:  138849
196 68
109 68
749 68
valid:  139598
513 68
valid:  140111
751 68
709 69
881 69
905 69
valid:  141016
643 69
114 69
608 69
valid:  141624
190 69
valid:  141814
993 69
valid:  142807
109 70
valid:  142916
368 70
valid:  143284
123 70
valid:  143407
98 70
501 70
691 70
410 70
valid:  143817
126 70
92 70
546 70
219 70
valid:  144036
18 71
valid:  144054
70 71
296 71
987 71
235 71
8 71
828 71
valid:  144882
151 72
551 72
153 72
valid:  145035
883 72
833 72
valid:  145868
497 72
287 72
valid:  146155
427 72
valid:  146582
377 72
valid:  146959
428 72
valid:  147387
910 72
448 72
598 72
334 72
53 72
valid:  147440
619 72
valid:  148059
589 73
723 73
valid:  148782
832 73
131 73
705 73
794 74
valid:  149576
686 74
valid:  150262
790 74
192 74
970 74
612 74
valid:  150874
546 74
98 74
942 74
941 74
223 75
686 75
547 75
665 75
valid:  151539
396 75
valid:  151935
210 75
408 75
valid:  152343
322 75
valid:  152665
839 75
557 75
valid:  153222
521 75
170 76
valid:  153392
166 76
390 76
valid:  153782
100 76
921 76
valid:  154703
984 76
450 76
valid:  155153
639 76
296 76
372 77
760 77
valid:  155913
266 77
600 77
valid:  156513
999 77
906 77
valid:  157419
632 77
469 77
valid:  157888
250 77
422 77
643 77
911 78
494 78
355 78
valid:  158243
159 78
848 78
valid:  159091
676 78
35 78
81 79
valid:  159172
544 79
67 79
159 79
209 79
747 79
valid:  159919
29 79
valid:  159948
812 79
430 79
232 79
valid:  160180
199 79
valid:  160379
587 79
valid:  160966
760 80
331 80
valid:  161297
158 80
valid:  161455
29 80
596 80
477 80
922 81
valid:  162377
388 81
970 81
510 81
valid:  162887
68 81
590 81
545 81
621 81
977 81
593 81
889 81
879 81
389 81
valid:  163276
163 82
618 82
370 82
946 82
valid:  164222
332 82
837 82
valid:  165059
658 82
835 83
valid:  165894
129 83
566 83
690 83
valid:  166584
237 83
386 83
36 83
411 83
52 83
valid:  166636
733 83
783 83
670 84
978 84
valid:  167614
84 84
991 84
valid:  168605
632 84
valid:  169237
957 84
52 84
548 84
920 85
949 85
valid:  170186
482 85
812 85
valid:  170998
413 85
201 85
valid:  171199
663 85
valid:  171862
286 85
424 85
valid:  172286
296 85
valid:  172582
630 85
valid:  173212
992 86
valid:  174204
307 86
634 86
716 86
287 86
811 86
4 86
413 86
valid:  174617
896 86
valid:  175513
84 86
52 86
253 87
459 87
926 87
446 87
175 87
168 88
valid:  175681
781 88
valid:  176462
344 88
valid:  176806
85 88
valid:  176891
373 88
224 88
valid:  177115
393 88
545 88
valid:  177660
749 88
valid:  178409
643 88
968 88
776 89
valid:  179185
145 89
valid:  179330
140 89
valid:  179470
578 89
valid:  180048
45 89
596 89
639 89
415 90
valid:  180463
393 90
988 90
valid:  181451
878 90
22 90
909 90
284 90
173 90
564 90
valid:  182015
48 90
valid:  182063
33 90
444 90
259 91
207 91
valid:  182270
631 91
valid:  182901
669 91
valid:  183570
282 91
valid:  183852
130 92
119 92
422 92
valid:  184274
440 92
461 92
valid:  184735
154 92
valid:  184889
575 92
329 92
valid:  185218
180 92
576 92
valid:  185794
367 92
618 93
538 93
valid:  186332
493 93
valid:  186825
729 93
valid:  187554
903 93
82 93
541 94
valid:  188095
124 94
627 94
valid:  188722
806 94
valid:  189528
666 94
valid:  190194
703 94
146 94
valid:  190340
142 94
551 94
valid:  190891
3 95
valid:  190894
660 95
164 95
valid:  191058
498 95
872 95
621 95
991 95
valid:  192049
174 96
valid:  192223
683 96
valid:  192906
542 96
valid:  193448
960 96
782 96
755 96
valid:  194203
557 96
282 96
valid:  194485
409 96
valid:  194894
103 96
943 96
valid:  195837
231 97
valid:  196068
891 97
782 97
valid:  196850
992 97
valid:  197842
492 97
69 97
610 97
557 97
964 98
valid:  198806
104 98
289 98
853 98
valid:  199659
691 98
830 98
valid:  200489
870 98
77 98
189 98
310 98
valid:  200799
583 98
449 99
435 99
732 99
valid:  201531
238 99
161 99
valid:  201692
688 99
675 99
934 99
valid:  202626
891 99
valid:  203517
21 100
239 100
430 100
valid:  203947
376 100
205 100
790 100
73 100
334 100
598 100
863 101
valid:  204810
474 101
339 101
valid:  205149
765 101
534 101
116 101
valid:  205265
513 101
valid:  205778
262 102
785 102
915 102
622 102
valid:  206400
440 102
valid:  206840
416 102
valid:  207256
143 102
34 102
valid:  207290
45 102
valid:  207335
515 102
valid:  207850
448 102
valid:  208298
268 102
844 103
142 103
valid:  208440
666 103
266 103
valid:  208706
236 103
439 103
valid:  209145
338 103
valid:  209483
496 103
valid:  209979
285 103
valid:  210264
647 104
valid:  210911
393 104
236 104
valid:  211147
218 104
valid:  211365
819 104
valid:  212184
779 104
valid:  212963
765 104
292 104
257 105
valid:  213220
274 105
247 105
valid:  213467
951 105
valid:  214418
121 105
valid:  214539
391 105
817 105
742 106
98 106
valid:  214637
628 106
valid:  215265
168 106
539 106
701 106
659 107
valid:  215924
622 107
868 107
713 107
357 107
298 107
917 107
valid:  216841
781 107
467 108
382 108
valid:  217223
899 108
819 108
valid:  218042
952 108
valid:  218994
388 108
valid:  219382
684 108
558 108
valid:  219940
60 108
615 108
604 109
85 109
76 109
893 109
valid:  220833
866 109
784 109
valid:  221617
423 109
valid:  222040
334 109
valid:  222374
935 109
valid:  223309
154 110
valid:  223463
424 110
583 110
8 110
valid:  223471
926 110
valid:  224397
441 110
valid:  224838
50 110
155 110
599 110
115 110
96 111
506 111
846 111
valid:  225684
152 111
valid:  225836
985 111
valid:  226821
589 111
valid:  227410
384 111
44 111
valid:  227454
560 111
valid:  228014
161 112
167 112
valid:  228181
906 112
901 112
92 112
610 112
valid:  228791
247 112
valid:  229038
330 112
92 112
26 113
523 113
valid:  229561
190 113
711 113
valid:  230272
302 113
690 113
986 113
714 113
valid:  230986
154 114
valid:  231140
763 114
valid:  231903
59 114
valid:  231962
305 114
560 114
726 114
valid:  232688
79 114
521 114
valid:  233209
160 114
valid:  233369
159 114
81 114
valid:  233450
991 115
339 115
valid:  233789
434 115
valid:  234223
626 115
692 115
448 116
96 116
782 116
353 116
949 116
655 116
752 116
522 116
valid:  234745
905 116
valid:  235650
964 116
valid:  236614
683 116
83 116
127 117
671 117
783 118
14 118
746 118
271 118
valid:  236885
38 118
valid:  236923
666 118
513 118
valid:  237436
37 118
984 118
valid:  238420
824 118
463 118
154 118
60 119
valid:  238480
892 119
valid:  239372
304 119
354 119
valid:  239726
20 119
valid:  239746
99 119
351 119
367 119
914 119
622 119
310 119
194 119
valid:  239940
339 120
318 120
6 120
valid:  239946
329 120
valid:  240275
240 120
76 120
45 120
valid:  240320
601 120
valid:  240921
211 120
700 121
925 121
616 121
56 121
valid:  240977
570 121
970 121
751 121
valid:  241728
556 121
958 121
50 121
667 121
valid:  242395
63 121
793 121
valid:  243188
8 122
854 122
valid:  244042
304 122
324 122
valid:  244366
213 122
valid:  244579
832 123
572 123
valid:  245151
303 123
valid:  245454
872 123
822 123
2 123
434 123
76 123
34 123
866 123
684 123
valid:  246138
571 123
756 123
valid:  246894
922 124
908 124
811 124
valid:  247705
792 124
967 124
432 124
valid:  248137
304 124
676 124
314 124
364 124
39 125
valid:  248176
127 125
27 125
937 125
172 125
532 125
valid:  248708
156 126
valid:  248864
626 126
valid:  249490
667 126
valid:  250157
151 126
776 126
valid:  250933
846 126
valid:  251779
562 126
254 126
valid:  252033
297 126
valid:  252330
751 126
457 127
213 127
valid:  252543
403 127
valid:  252946
656 127
valid:  253602
546 127
valid:  254148
866 127
valid:  255014
954 127
576 127
227 128
364 128
752 128
977 128
231 128
739 128
valid:  255753
610 128
valid:  256363
730 128
838 129
valid:  257201
645 129
valid:  257846
692 129
valid:  258538
170 129
906 129
149 129
valid:  258687
578 129
470 129
981 129
310 129
959 130
447 130
33 130
valid:  258720
513 130
valid:  259233
412 130
valid:  259645
784 130
365 130
valid:  260010
593 131
965 131
907 131
valid:  260917
482 131
915 131
327 131
529 131
valid:  261446
425 131
613 132
valid:  262059
490 132
971 132
542 132
valid:  262601
695 132
valid:  263296
803 132
valid:  264099
917 132
valid:  265016
446 132
valid:  265462
53 132
455 132
valid:  265917
258 133
valid:  266175
303 133
valid:  266478
517 133
7 133
598 133
472 133
224 133
valid:  266702
903 133
724 134
575 134
312 134
628 134
108 134
343 135
valid:  267045
374 135
675 135
371 135
409 135
502 135
928 135
135 135
482 135
valid:  267527
384 135
195 135
59 135
144 135
valid:  267671
982 135
valid:  268653
787 135
289 136
729 136
990 136
147 137
613 137
valid:  269266
534 137
valid:  269800
938 137
882 137
740 137
518 137
994 137
800 137
222 137
933 137
836 137
valid:  270636
260 137
339 137
valid:  270975
628 137
935 137
valid:  271910
726 138
308 138
valid:  272218
146 138
valid:  272364
509 138
593 138
valid:  272957
930 139
823 139
994 139
valid:  273951
100 139
857 139
708 139
220 139
184 139
273951
